55496554
12979044
57565904
60533372
58710317
42956494
46036648
82341131
31021307
51703801
52844667
77700501
35648962
57277703
24834887
87035818
88357881
42750246
53591589
38531402
97144514
52788775
61579578
58559075
81877321
56313517
77078828
69665821
30735601
86889828
89421593
30768577
87630339
89994120
75238756
2121708
68492389
29251678
47385626
72563389
81514104
21642395
52301260
45219644
94615304
78560770
23373686
47142863
56214940
69277259
27322251
59980305
46044490
55646777
35466855
95701405
23887016
18547421
54167346
93288528
3876428
80565453
55716728
25398053
88425731
71669883
15174035
94021955
33851120
15667908
71824451
54322617
41621836
15086167
82355083
27962028
86104909
20415779
46310893
78309921
1652816
80869564
77322762
56693160
14308189
11495552
52866133
56987147
81045225
82723427
91902646
8030741
3133491
34216602
89543782
34045161
65834072
74396234
75892371
99135821
78349576
57892220
56545549
13694746
54495973
42704550
49285506
33054878
98471712
93794721
20703873
15597885
43873720
99376037
96159717
42091267
5384271
532310
62663999
64709810
76434898
58872101
42700637
41530168
65479035
51119118
9441391
19755136
83322568
29205422
18697316
5457865
6822390
42640089
10160037
48117340
3245144
19052198
48495079
51215817
10212537
29430044
83807441
22506523
90121257
96630894
10516680
75697020
71848104
37184389
888553
13068022
53559077
10355285
74101440
46761082
3770804
27184433
90322124
86565130
84816029
13695976
74971236
46628774
53819770
48341188
8586439
78054363
91619505
30031281
11934821
74310454
18398917
25655438
96231679
30709752